4.400000000000000000e+02 -3.833347698673605919e-03
4.400010000000000332e+02 0.000000000000000000e+00
4.400020000000000095e+02 0.000000000000000000e+00
4.400029999999999859e+02 0.000000000000000000e+00
4.400040000000000191e+02 0.000000000000000000e+00
4.400049999999999955e+02 0.000000000000000000e+00
4.400060000000000286e+02 0.000000000000000000e+00
4.400070000000000050e+02 0.000000000000000000e+00
4.400079999999999814e+02 0.000000000000000000e+00
4.400090000000000146e+02 0.000000000000000000e+00
4.400099999999999909e+02 0.000000000000000000e+00
4.400110000000000241e+02 0.000000000000000000e+00
4.400120000000000005e+02 0.000000000000000000e+00
4.400130000000000337e+02 0.000000000000000000e+00
4.400140000000000100e+02 0.000000000000000000e+00
4.400149999999999864e+02 0.000000000000000000e+00
4.400160000000000196e+02 0.000000000000000000e+00
4.400169999999999959e+02 0.000000000000000000e+00
4.400180000000000291e+02 0.000000000000000000e+00
4.400190000000000055e+02 0.000000000000000000e+00
4.400199999999999818e+02 0.000000000000000000e+00
4.400210000000000150e+02 0.000000000000000000e+00
4.400219999999999914e+02 0.000000000000000000e+00
4.400230000000000246e+02 0.000000000000000000e+00
4.400240000000000009e+02 0.000000000000000000e+00
4.400250000000000341e+02 0.000000000000000000e+00
4.400260000000000105e+02 0.000000000000000000e+00
4.400269999999999868e+02 0.000000000000000000e+00
4.400280000000000200e+02 0.000000000000000000e+00
4.400289999999999964e+02 0.000000000000000000e+00
4.400300000000000296e+02 0.000000000000000000e+00
4.400310000000000059e+02 0.000000000000000000e+00
4.400319999999999823e+02 0.000000000000000000e+00
4.400330000000000155e+02 0.000000000000000000e+00
4.400339999999999918e+02 0.000000000000000000e+00
4.400350000000000250e+02 0.000000000000000000e+00
4.400360000000000014e+02 0.000000000000000000e+00
4.400370000000000346e+02 0.000000000000000000e+00
4.400380000000000109e+02 0.000000000000000000e+00
4.400389999999999873e+02 0.000000000000000000e+00
4.400400000000000205e+02 0.000000000000000000e+00
4.400409999999999968e+02 0.000000000000000000e+00
4.400420000000000300e+02 0.000000000000000000e+00
4.400430000000000064e+02 0.000000000000000000e+00
4.400439999999999827e+02 0.000000000000000000e+00
4.400450000000000159e+02 0.000000000000000000e+00
4.400459999999999923e+02 0.000000000000000000e+00
4.400470000000000255e+02 0.000000000000000000e+00
4.400480000000000018e+02 0.000000000000000000e+00
4.400490000000000350e+02 0.000000000000000000e+00
4.400500000000000114e+02 0.000000000000000000e+00
4.400509999999999877e+02 0.000000000000000000e+00
4.400520000000000209e+02 0.000000000000000000e+00
4.400529999999999973e+02 0.000000000000000000e+00
4.400540000000000305e+02 0.000000000000000000e+00
4.400550000000000068e+02 0.000000000000000000e+00
4.400559999999999832e+02 0.000000000000000000e+00
4.400570000000000164e+02 0.000000000000000000e+00
4.400579999999999927e+02 0.000000000000000000e+00
4.400590000000000259e+02 0.000000000000000000e+00
4.400600000000000023e+02 0.000000000000000000e+00
4.400610000000000355e+02 0.000000000000000000e+00
4.400620000000000118e+02 0.000000000000000000e+00
4.400629999999999882e+02 0.000000000000000000e+00
4.400640000000000214e+02 0.000000000000000000e+00
4.400649999999999977e+02 0.000000000000000000e+00
4.400660000000000309e+02 0.000000000000000000e+00
4.400670000000000073e+02 0.000000000000000000e+00
4.400679999999999836e+02 0.000000000000000000e+00
4.400690000000000168e+02 0.000000000000000000e+00
4.400699999999999932e+02 0.000000000000000000e+00
4.400710000000000264e+02 0.000000000000000000e+00
4.400720000000000027e+02 0.000000000000000000e+00
4.400730000000000359e+02 0.000000000000000000e+00
4.400740000000000123e+02 0.000000000000000000e+00
4.400749999999999886e+02 0.000000000000000000e+00
4.400760000000000218e+02 0.000000000000000000e+00
4.400769999999999982e+02 0.000000000000000000e+00
4.400780000000000314e+02 0.000000000000000000e+00
4.400790000000000077e+02 0.000000000000000000e+00
4.400799999999999841e+02 0.000000000000000000e+00
4.400810000000000173e+02 0.000000000000000000e+00
4.400819999999999936e+02 0.000000000000000000e+00
4.400830000000000268e+02 0.000000000000000000e+00
4.400840000000000032e+02 0.000000000000000000e+00
4.400850000000000364e+02 0.000000000000000000e+00
4.400860000000000127e+02 0.000000000000000000e+00
4.400869999999999891e+02 0.000000000000000000e+00
4.400880000000000223e+02 0.000000000000000000e+00
4.400889999999999986e+02 0.000000000000000000e+00
4.400900000000000318e+02 0.000000000000000000e+00
4.400910000000000082e+02 0.000000000000000000e+00
4.400919999999999845e+02 0.000000000000000000e+00
4.400930000000000177e+02 0.000000000000000000e+00
4.400939999999999941e+02 0.000000000000000000e+00
4.400950000000000273e+02 0.000000000000000000e+00
4.400960000000000036e+02 0.000000000000000000e+00
4.400970000000000368e+02 0.000000000000000000e+00
4.400980000000000132e+02 0.000000000000000000e+00
4.400989999999999895e+02 0.000000000000000000e+00
4.401000000000000227e+02 0.000000000000000000e+00
4.401009999999999991e+02 0.000000000000000000e+00
4.401020000000000323e+02 0.000000000000000000e+00
4.401030000000000086e+02 0.000000000000000000e+00
4.401039999999999850e+02 0.000000000000000000e+00
4.401050000000000182e+02 0.000000000000000000e+00
4.401059999999999945e+02 0.000000000000000000e+00
4.401070000000000277e+02 0.000000000000000000e+00
4.401080000000000041e+02 0.000000000000000000e+00
4.401090000000000373e+02 0.000000000000000000e+00
4.401100000000000136e+02 0.000000000000000000e+00
4.401109999999999900e+02 0.000000000000000000e+00
4.401120000000000232e+02 0.000000000000000000e+00
4.401129999999999995e+02 0.000000000000000000e+00
4.401140000000000327e+02 0.000000000000000000e+00
4.401150000000000091e+02 0.000000000000000000e+00
4.401159999999999854e+02 0.000000000000000000e+00
4.401170000000000186e+02 0.000000000000000000e+00
4.401179999999999950e+02 0.000000000000000000e+00
4.401190000000000282e+02 0.000000000000000000e+00
4.401200000000000045e+02 0.000000000000000000e+00
4.401209999999999809e+02 0.000000000000000000e+00
4.401220000000000141e+02 0.000000000000000000e+00
4.401229999999999905e+02 0.000000000000000000e+00
4.401240000000000236e+02 0.000000000000000000e+00
4.401250000000000000e+02 0.000000000000000000e+00
4.401260000000000332e+02 0.000000000000000000e+00
4.401270000000000095e+02 0.000000000000000000e+00
4.401279999999999859e+02 0.000000000000000000e+00
4.401290000000000191e+02 0.000000000000000000e+00
4.401299999999999955e+02 0.000000000000000000e+00
4.401310000000000286e+02 0.000000000000000000e+00
4.401320000000000050e+02 0.000000000000000000e+00
4.401329999999999814e+02 0.000000000000000000e+00
4.401340000000000146e+02 0.000000000000000000e+00
4.401349999999999909e+02 0.000000000000000000e+00
4.401360000000000241e+02 0.000000000000000000e+00
4.401370000000000005e+02 0.000000000000000000e+00
4.401380000000000337e+02 0.000000000000000000e+00
4.401390000000000100e+02 0.000000000000000000e+00
4.401399999999999864e+02 0.000000000000000000e+00
4.401410000000000196e+02 0.000000000000000000e+00
4.401419999999999959e+02 0.000000000000000000e+00
4.401430000000000291e+02 0.000000000000000000e+00
4.401440000000000055e+02 0.000000000000000000e+00
4.401449999999999818e+02 0.000000000000000000e+00
4.401460000000000150e+02 0.000000000000000000e+00
4.401469999999999914e+02 0.000000000000000000e+00
4.401480000000000246e+02 0.000000000000000000e+00
4.401490000000000009e+02 0.000000000000000000e+00
4.401500000000000341e+02 0.000000000000000000e+00
4.401510000000000105e+02 0.000000000000000000e+00
4.401519999999999868e+02 0.000000000000000000e+00
4.401530000000000200e+02 0.000000000000000000e+00
4.401539999999999964e+02 0.000000000000000000e+00
4.401550000000000296e+02 0.000000000000000000e+00
4.401560000000000059e+02 0.000000000000000000e+00
4.401569999999999823e+02 0.000000000000000000e+00
4.401580000000000155e+02 0.000000000000000000e+00
4.401589999999999918e+02 0.000000000000000000e+00
4.401600000000000250e+02 0.000000000000000000e+00
4.401610000000000014e+02 0.000000000000000000e+00
4.401620000000000346e+02 0.000000000000000000e+00
4.401630000000000109e+02 0.000000000000000000e+00
4.401639999999999873e+02 0.000000000000000000e+00
4.401650000000000205e+02 0.000000000000000000e+00
4.401659999999999968e+02 0.000000000000000000e+00
4.401670000000000300e+02 0.000000000000000000e+00
4.401680000000000064e+02 0.000000000000000000e+00
4.401689999999999827e+02 0.000000000000000000e+00
4.401700000000000159e+02 0.000000000000000000e+00
4.401709999999999923e+02 0.000000000000000000e+00
4.401720000000000255e+02 0.000000000000000000e+00
4.401730000000000018e+02 0.000000000000000000e+00
4.401740000000000350e+02 0.000000000000000000e+00
4.401750000000000114e+02 0.000000000000000000e+00
4.401759999999999877e+02 0.000000000000000000e+00
4.401770000000000209e+02 0.000000000000000000e+00
4.401779999999999973e+02 0.000000000000000000e+00
4.401790000000000305e+02 0.000000000000000000e+00
4.401800000000000068e+02 0.000000000000000000e+00
4.401809999999999832e+02 0.000000000000000000e+00
4.401820000000000164e+02 0.000000000000000000e+00
4.401829999999999927e+02 0.000000000000000000e+00
4.401840000000000259e+02 0.000000000000000000e+00
4.401850000000000023e+02 0.000000000000000000e+00
4.401860000000000355e+02 0.000000000000000000e+00
4.401870000000000118e+02 0.000000000000000000e+00
4.401879999999999882e+02 0.000000000000000000e+00
4.401890000000000214e+02 0.000000000000000000e+00
4.401899999999999977e+02 0.000000000000000000e+00
4.401910000000000309e+02 0.000000000000000000e+00
4.401920000000000073e+02 0.000000000000000000e+00
4.401929999999999836e+02 0.000000000000000000e+00
4.401940000000000168e+02 0.000000000000000000e+00
4.401949999999999932e+02 0.000000000000000000e+00
4.401960000000000264e+02 0.000000000000000000e+00
4.401970000000000027e+02 0.000000000000000000e+00
4.401980000000000359e+02 0.000000000000000000e+00
4.401990000000000123e+02 0.000000000000000000e+00
4.401999999999999886e+02 0.000000000000000000e+00
4.402010000000000218e+02 0.000000000000000000e+00
4.402019999999999982e+02 0.000000000000000000e+00
4.402030000000000314e+02 0.000000000000000000e+00
4.402040000000000077e+02 0.000000000000000000e+00
4.402049999999999841e+02 0.000000000000000000e+00
4.402060000000000173e+02 0.000000000000000000e+00
4.402069999999999936e+02 0.000000000000000000e+00
4.402080000000000268e+02 0.000000000000000000e+00
4.402090000000000032e+02 0.000000000000000000e+00
4.402100000000000364e+02 0.000000000000000000e+00
4.402110000000000127e+02 0.000000000000000000e+00
4.402119999999999891e+02 0.000000000000000000e+00
4.402130000000000223e+02 0.000000000000000000e+00
4.402139999999999986e+02 0.000000000000000000e+00
4.402150000000000318e+02 0.000000000000000000e+00
4.402160000000000082e+02 0.000000000000000000e+00
4.402169999999999845e+02 0.000000000000000000e+00
4.402180000000000177e+02 0.000000000000000000e+00
4.402189999999999941e+02 0.000000000000000000e+00
4.402200000000000273e+02 0.000000000000000000e+00
4.402210000000000036e+02 0.000000000000000000e+00
4.402220000000000368e+02 0.000000000000000000e+00
4.402230000000000132e+02 0.000000000000000000e+00
4.402239999999999895e+02 0.000000000000000000e+00
4.402250000000000227e+02 0.000000000000000000e+00
4.402259999999999991e+02 0.000000000000000000e+00
4.402270000000000323e+02 0.000000000000000000e+00
4.402280000000000086e+02 0.000000000000000000e+00
4.402289999999999850e+02 0.000000000000000000e+00
4.402300000000000182e+02 0.000000000000000000e+00
4.402309999999999945e+02 0.000000000000000000e+00
4.402320000000000277e+02 0.000000000000000000e+00
4.402330000000000041e+02 0.000000000000000000e+00
4.402340000000000373e+02 0.000000000000000000e+00
4.402350000000000136e+02 0.000000000000000000e+00
4.402359999999999900e+02 0.000000000000000000e+00
4.402370000000000232e+02 0.000000000000000000e+00
4.402379999999999995e+02 0.000000000000000000e+00
4.402390000000000327e+02 0.000000000000000000e+00
4.402400000000000091e+02 0.000000000000000000e+00
4.402409999999999854e+02 0.000000000000000000e+00
4.402420000000000186e+02 0.000000000000000000e+00
4.402429999999999950e+02 0.000000000000000000e+00
4.402440000000000282e+02 0.000000000000000000e+00
4.402450000000000045e+02 0.000000000000000000e+00
4.402459999999999809e+02 0.000000000000000000e+00
4.402470000000000141e+02 0.000000000000000000e+00
4.402479999999999905e+02 0.000000000000000000e+00
4.402490000000000236e+02 0.000000000000000000e+00
4.402500000000000000e+02 0.000000000000000000e+00
4.402510000000000332e+02 0.000000000000000000e+00
4.402520000000000095e+02 0.000000000000000000e+00
4.402529999999999859e+02 0.000000000000000000e+00
4.402540000000000191e+02 0.000000000000000000e+00
4.402549999999999955e+02 0.000000000000000000e+00
4.402560000000000286e+02 0.000000000000000000e+00
4.402570000000000050e+02 0.000000000000000000e+00
4.402579999999999814e+02 0.000000000000000000e+00
4.402590000000000146e+02 0.000000000000000000e+00
4.402599999999999909e+02 0.000000000000000000e+00
4.402610000000000241e+02 0.000000000000000000e+00
4.402620000000000005e+02 0.000000000000000000e+00
4.402630000000000337e+02 0.000000000000000000e+00
4.402640000000000100e+02 0.000000000000000000e+00
4.402649999999999864e+02 0.000000000000000000e+00
4.402660000000000196e+02 0.000000000000000000e+00
4.402669999999999959e+02 0.000000000000000000e+00
4.402680000000000291e+02 0.000000000000000000e+00
4.402690000000000055e+02 0.000000000000000000e+00
4.402699999999999818e+02 0.000000000000000000e+00
4.402710000000000150e+02 0.000000000000000000e+00
4.402719999999999914e+02 0.000000000000000000e+00
4.402730000000000246e+02 0.000000000000000000e+00
4.402740000000000009e+02 0.000000000000000000e+00
4.402750000000000341e+02 0.000000000000000000e+00
4.402760000000000105e+02 0.000000000000000000e+00
4.402769999999999868e+02 0.000000000000000000e+00
4.402780000000000200e+02 0.000000000000000000e+00
4.402789999999999964e+02 0.000000000000000000e+00
4.402800000000000296e+02 0.000000000000000000e+00
4.402810000000000059e+02 0.000000000000000000e+00
4.402819999999999823e+02 0.000000000000000000e+00
4.402830000000000155e+02 0.000000000000000000e+00
4.402839999999999918e+02 0.000000000000000000e+00
4.402850000000000250e+02 0.000000000000000000e+00
4.402860000000000014e+02 0.000000000000000000e+00
4.402870000000000346e+02 0.000000000000000000e+00
4.402880000000000109e+02 0.000000000000000000e+00
4.402889999999999873e+02 0.000000000000000000e+00
4.402900000000000205e+02 0.000000000000000000e+00
4.402909999999999968e+02 0.000000000000000000e+00
4.402920000000000300e+02 0.000000000000000000e+00
4.402930000000000064e+02 0.000000000000000000e+00
4.402939999999999827e+02 0.000000000000000000e+00
4.402950000000000159e+02 0.000000000000000000e+00
4.402959999999999923e+02 0.000000000000000000e+00
4.402970000000000255e+02 0.000000000000000000e+00
4.402980000000000018e+02 0.000000000000000000e+00
4.402990000000000350e+02 0.000000000000000000e+00
4.403000000000000114e+02 0.000000000000000000e+00
4.403009999999999877e+02 0.000000000000000000e+00
4.403020000000000209e+02 0.000000000000000000e+00
4.403029999999999973e+02 0.000000000000000000e+00
4.403040000000000305e+02 0.000000000000000000e+00
4.403050000000000068e+02 0.000000000000000000e+00
4.403059999999999832e+02 0.000000000000000000e+00
4.403070000000000164e+02 0.000000000000000000e+00
4.403079999999999927e+02 0.000000000000000000e+00
4.403090000000000259e+02 0.000000000000000000e+00
4.403100000000000023e+02 0.000000000000000000e+00
4.403110000000000355e+02 0.000000000000000000e+00
4.403120000000000118e+02 0.000000000000000000e+00
4.403129999999999882e+02 0.000000000000000000e+00
4.403140000000000214e+02 0.000000000000000000e+00
4.403149999999999977e+02 0.000000000000000000e+00
4.403160000000000309e+02 0.000000000000000000e+00
4.403170000000000073e+02 0.000000000000000000e+00
4.403179999999999836e+02 0.000000000000000000e+00
4.403190000000000168e+02 0.000000000000000000e+00
4.403199999999999932e+02 0.000000000000000000e+00
4.403210000000000264e+02 0.000000000000000000e+00
4.403220000000000027e+02 0.000000000000000000e+00
4.403230000000000359e+02 0.000000000000000000e+00
4.403240000000000123e+02 0.000000000000000000e+00
4.403249999999999886e+02 0.000000000000000000e+00
4.403260000000000218e+02 0.000000000000000000e+00
4.403269999999999982e+02 0.000000000000000000e+00
4.403280000000000314e+02 0.000000000000000000e+00
4.403290000000000077e+02 0.000000000000000000e+00
4.403299999999999841e+02 0.000000000000000000e+00
4.403310000000000173e+02 0.000000000000000000e+00
4.403319999999999936e+02 0.000000000000000000e+00
4.403330000000000268e+02 0.000000000000000000e+00
4.403340000000000032e+02 0.000000000000000000e+00
4.403350000000000364e+02 0.000000000000000000e+00
4.403360000000000127e+02 0.000000000000000000e+00
4.403369999999999891e+02 0.000000000000000000e+00
4.403380000000000223e+02 0.000000000000000000e+00
4.403389999999999986e+02 0.000000000000000000e+00
4.403400000000000318e+02 0.000000000000000000e+00
4.403410000000000082e+02 0.000000000000000000e+00
4.403419999999999845e+02 0.000000000000000000e+00
4.403430000000000177e+02 0.000000000000000000e+00
4.403439999999999941e+02 0.000000000000000000e+00
4.403450000000000273e+02 0.000000000000000000e+00
4.403460000000000036e+02 0.000000000000000000e+00
4.403470000000000368e+02 0.000000000000000000e+00
4.403480000000000132e+02 0.000000000000000000e+00
4.403489999999999895e+02 0.000000000000000000e+00
4.403500000000000227e+02 0.000000000000000000e+00
4.403509999999999991e+02 0.000000000000000000e+00
4.403520000000000323e+02 0.000000000000000000e+00
4.403530000000000086e+02 0.000000000000000000e+00
4.403539999999999850e+02 0.000000000000000000e+00
4.403550000000000182e+02 0.000000000000000000e+00
4.403559999999999945e+02 0.000000000000000000e+00
4.403570000000000277e+02 0.000000000000000000e+00
4.403580000000000041e+02 0.000000000000000000e+00
4.403590000000000373e+02 0.000000000000000000e+00
4.403600000000000136e+02 0.000000000000000000e+00
4.403609999999999900e+02 0.000000000000000000e+00
4.403620000000000232e+02 0.000000000000000000e+00
4.403629999999999995e+02 0.000000000000000000e+00
4.403640000000000327e+02 0.000000000000000000e+00
4.403650000000000091e+02 0.000000000000000000e+00
4.403659999999999854e+02 0.000000000000000000e+00
4.403670000000000186e+02 0.000000000000000000e+00
4.403679999999999950e+02 0.000000000000000000e+00
4.403690000000000282e+02 0.000000000000000000e+00
4.403700000000000045e+02 0.000000000000000000e+00
4.403709999999999809e+02 0.000000000000000000e+00
4.403720000000000141e+02 0.000000000000000000e+00
4.403729999999999905e+02 0.000000000000000000e+00
4.403740000000000236e+02 0.000000000000000000e+00
4.403750000000000000e+02 0.000000000000000000e+00
4.403760000000000332e+02 0.000000000000000000e+00
4.403770000000000095e+02 0.000000000000000000e+00
4.403779999999999859e+02 0.000000000000000000e+00
4.403790000000000191e+02 0.000000000000000000e+00
4.403799999999999955e+02 0.000000000000000000e+00
4.403810000000000286e+02 0.000000000000000000e+00
4.403820000000000050e+02 0.000000000000000000e+00
4.403829999999999814e+02 0.000000000000000000e+00
4.403840000000000146e+02 0.000000000000000000e+00
4.403849999999999909e+02 0.000000000000000000e+00
4.403860000000000241e+02 0.000000000000000000e+00
4.403870000000000005e+02 0.000000000000000000e+00
4.403880000000000337e+02 0.000000000000000000e+00
4.403890000000000100e+02 0.000000000000000000e+00
4.403899999999999864e+02 0.000000000000000000e+00
4.403910000000000196e+02 0.000000000000000000e+00
4.403919999999999959e+02 0.000000000000000000e+00
4.403930000000000291e+02 0.000000000000000000e+00
4.403940000000000055e+02 0.000000000000000000e+00
4.403949999999999818e+02 0.000000000000000000e+00
4.403960000000000150e+02 0.000000000000000000e+00
4.403969999999999914e+02 0.000000000000000000e+00
4.403980000000000246e+02 0.000000000000000000e+00
4.403990000000000009e+02 0.000000000000000000e+00
4.404000000000000341e+02 0.000000000000000000e+00
4.404010000000000105e+02 0.000000000000000000e+00
4.404019999999999868e+02 0.000000000000000000e+00
4.404030000000000200e+02 0.000000000000000000e+00
4.404039999999999964e+02 0.000000000000000000e+00
4.404050000000000296e+02 0.000000000000000000e+00
4.404060000000000059e+02 0.000000000000000000e+00
4.404069999999999823e+02 0.000000000000000000e+00
4.404080000000000155e+02 0.000000000000000000e+00
4.404089999999999918e+02 0.000000000000000000e+00
4.404100000000000250e+02 0.000000000000000000e+00
4.404110000000000014e+02 0.000000000000000000e+00
4.404120000000000346e+02 0.000000000000000000e+00
4.404130000000000109e+02 0.000000000000000000e+00
4.404139999999999873e+02 0.000000000000000000e+00
4.404150000000000205e+02 0.000000000000000000e+00
4.404159999999999968e+02 0.000000000000000000e+00
4.404170000000000300e+02 0.000000000000000000e+00
4.404180000000000064e+02 0.000000000000000000e+00
4.404189999999999827e+02 0.000000000000000000e+00
4.404200000000000159e+02 0.000000000000000000e+00
4.404209999999999923e+02 0.000000000000000000e+00
4.404220000000000255e+02 0.000000000000000000e+00
4.404230000000000018e+02 0.000000000000000000e+00
4.404240000000000350e+02 0.000000000000000000e+00
4.404250000000000114e+02 0.000000000000000000e+00
4.404259999999999877e+02 0.000000000000000000e+00
4.404270000000000209e+02 0.000000000000000000e+00
4.404279999999999973e+02 0.000000000000000000e+00
4.404290000000000305e+02 0.000000000000000000e+00
4.404300000000000068e+02 0.000000000000000000e+00
4.404309999999999832e+02 0.000000000000000000e+00
4.404320000000000164e+02 0.000000000000000000e+00
4.404329999999999927e+02 0.000000000000000000e+00
4.404340000000000259e+02 0.000000000000000000e+00
4.404350000000000023e+02 0.000000000000000000e+00
4.404360000000000355e+02 0.000000000000000000e+00
4.404370000000000118e+02 0.000000000000000000e+00
4.404379999999999882e+02 0.000000000000000000e+00
4.404390000000000214e+02 0.000000000000000000e+00
4.404399999999999977e+02 0.000000000000000000e+00
4.404410000000000309e+02 0.000000000000000000e+00
4.404420000000000073e+02 0.000000000000000000e+00
4.404429999999999836e+02 0.000000000000000000e+00
4.404440000000000168e+02 0.000000000000000000e+00
4.404449999999999932e+02 0.000000000000000000e+00
4.404460000000000264e+02 0.000000000000000000e+00
4.404470000000000027e+02 0.000000000000000000e+00
4.404480000000000359e+02 0.000000000000000000e+00
4.404490000000000123e+02 0.000000000000000000e+00
4.404499999999999886e+02 0.000000000000000000e+00
4.404510000000000218e+02 0.000000000000000000e+00
4.404519999999999982e+02 0.000000000000000000e+00
4.404530000000000314e+02 0.000000000000000000e+00
4.404540000000000077e+02 0.000000000000000000e+00
4.404549999999999841e+02 0.000000000000000000e+00
4.404560000000000173e+02 0.000000000000000000e+00
4.404569999999999936e+02 0.000000000000000000e+00
4.404580000000000268e+02 0.000000000000000000e+00
4.404590000000000032e+02 0.000000000000000000e+00
4.404600000000000364e+02 0.000000000000000000e+00
4.404610000000000127e+02 0.000000000000000000e+00
4.404619999999999891e+02 0.000000000000000000e+00
4.404630000000000223e+02 0.000000000000000000e+00
4.404639999999999986e+02 0.000000000000000000e+00
4.404650000000000318e+02 0.000000000000000000e+00
4.404660000000000082e+02 0.000000000000000000e+00
4.404669999999999845e+02 0.000000000000000000e+00
4.404680000000000177e+02 0.000000000000000000e+00
4.404689999999999941e+02 0.000000000000000000e+00
4.404700000000000273e+02 0.000000000000000000e+00
4.404710000000000036e+02 0.000000000000000000e+00
4.404720000000000368e+02 0.000000000000000000e+00
4.404730000000000132e+02 0.000000000000000000e+00
4.404739999999999895e+02 0.000000000000000000e+00
4.404750000000000227e+02 0.000000000000000000e+00
4.404759999999999991e+02 0.000000000000000000e+00
4.404770000000000323e+02 0.000000000000000000e+00
4.404780000000000086e+02 0.000000000000000000e+00
4.404789999999999850e+02 0.000000000000000000e+00
4.404800000000000182e+02 0.000000000000000000e+00
4.404809999999999945e+02 0.000000000000000000e+00
4.404820000000000277e+02 0.000000000000000000e+00
4.404830000000000041e+02 0.000000000000000000e+00
4.404840000000000373e+02 0.000000000000000000e+00
4.404850000000000136e+02 0.000000000000000000e+00
4.404859999999999900e+02 0.000000000000000000e+00
4.404870000000000232e+02 0.000000000000000000e+00
4.404879999999999995e+02 0.000000000000000000e+00
4.404890000000000327e+02 0.000000000000000000e+00
4.404900000000000091e+02 0.000000000000000000e+00
4.404909999999999854e+02 0.000000000000000000e+00
4.404920000000000186e+02 0.000000000000000000e+00
4.404929999999999950e+02 0.000000000000000000e+00
4.404940000000000282e+02 0.000000000000000000e+00
4.404950000000000045e+02 0.000000000000000000e+00
4.404959999999999809e+02 0.000000000000000000e+00
4.404970000000000141e+02 0.000000000000000000e+00
4.404979999999999905e+02 0.000000000000000000e+00
4.404990000000000236e+02 0.000000000000000000e+00
4.405000000000000000e+02 0.000000000000000000e+00
4.405010000000000332e+02 0.000000000000000000e+00
4.405020000000000095e+02 0.000000000000000000e+00
4.405029999999999859e+02 0.000000000000000000e+00
4.405040000000000191e+02 0.000000000000000000e+00
4.405049999999999955e+02 0.000000000000000000e+00
4.405060000000000286e+02 0.000000000000000000e+00
4.405070000000000050e+02 0.000000000000000000e+00
4.405079999999999814e+02 0.000000000000000000e+00
4.405090000000000146e+02 0.000000000000000000e+00
4.405099999999999909e+02 0.000000000000000000e+00
4.405110000000000241e+02 0.000000000000000000e+00
4.405120000000000005e+02 0.000000000000000000e+00
4.405130000000000337e+02 0.000000000000000000e+00
4.405140000000000100e+02 0.000000000000000000e+00
4.405149999999999864e+02 0.000000000000000000e+00
4.405160000000000196e+02 0.000000000000000000e+00
4.405169999999999959e+02 0.000000000000000000e+00
4.405180000000000291e+02 0.000000000000000000e+00
4.405190000000000055e+02 0.000000000000000000e+00
4.405199999999999818e+02 0.000000000000000000e+00
4.405210000000000150e+02 0.000000000000000000e+00
4.405219999999999914e+02 0.000000000000000000e+00
4.405230000000000246e+02 0.000000000000000000e+00
4.405240000000000009e+02 0.000000000000000000e+00
4.405250000000000341e+02 0.000000000000000000e+00
4.405260000000000105e+02 0.000000000000000000e+00
4.405269999999999868e+02 0.000000000000000000e+00
4.405280000000000200e+02 0.000000000000000000e+00
4.405289999999999964e+02 0.000000000000000000e+00
4.405300000000000296e+02 0.000000000000000000e+00
4.405310000000000059e+02 0.000000000000000000e+00
4.405319999999999823e+02 0.000000000000000000e+00
4.405330000000000155e+02 0.000000000000000000e+00
4.405339999999999918e+02 0.000000000000000000e+00
4.405350000000000250e+02 0.000000000000000000e+00
4.405360000000000014e+02 0.000000000000000000e+00
4.405370000000000346e+02 0.000000000000000000e+00
4.405380000000000109e+02 -1.105482801795005798e-01
4.405389999999999873e+02 4.562107101082801819e-02
4.405400000000000205e+02 2.488932460546493530e-01
4.405409999999999968e+02 1.022454276680946350e-01
4.405420000000000300e+02 -1.581673324108123779e-01
4.405430000000000064e+02 -2.834667563438415527e-01
4.405439999999999827e+02 -2.174106240272521973e-01
4.405450000000000159e+02 0.000000000000000000e+00
4.405459999999999923e+02 2.583844363689422607e-01
4.405470000000000255e+02 2.567551732063293457e-01
4.405480000000000018e+02 5.199436098337173462e-02
4.405490000000000350e+02 -6.923716515302658081e-02
4.405500000000000114e+02 -5.951668694615364075e-02
4.405509999999999877e+02 0.000000000000000000e+00
4.405520000000000209e+02 0.000000000000000000e+00
4.405529999999999973e+02 -1.247275844216346741e-01
4.405540000000000305e+02 -1.492560356855392456e-01
4.405550000000000068e+02 -6.597828119993209839e-02
4.405559999999999832e+02 0.000000000000000000e+00
4.405570000000000164e+02 6.752931326627731323e-02
4.405579999999999927e+02 1.116079464554786682e-01
4.405590000000000259e+02 7.192671298980712891e-02
4.405600000000000023e+02 0.000000000000000000e+00
4.405610000000000355e+02 0.000000000000000000e+00
4.405620000000000118e+02 0.000000000000000000e+00
4.405629999999999882e+02 0.000000000000000000e+00
4.405640000000000214e+02 0.000000000000000000e+00
4.405649999999999977e+02 0.000000000000000000e+00
4.405660000000000309e+02 0.000000000000000000e+00
4.405670000000000073e+02 0.000000000000000000e+00
4.405679999999999836e+02 0.000000000000000000e+00
4.405690000000000168e+02 -4.709678143262863159e-02
4.405699999999999932e+02 0.000000000000000000e+00
4.405710000000000264e+02 0.000000000000000000e+00
4.405720000000000027e+02 4.261618852615356445e-02
4.405730000000000359e+02 5.690321698784828186e-02
4.405740000000000123e+02 0.000000000000000000e+00
4.405749999999999886e+02 0.000000000000000000e+00
4.405760000000000218e+02 -5.748409032821655273e-02
4.405769999999999982e+02 0.000000000000000000e+00
4.405780000000000314e+02 0.000000000000000000e+00
4.405790000000000077e+02 0.000000000000000000e+00
4.405799999999999841e+02 0.000000000000000000e+00
4.405810000000000173e+02 0.000000000000000000e+00
4.405819999999999936e+02 0.000000000000000000e+00
4.405830000000000268e+02 0.000000000000000000e+00
4.405840000000000032e+02 0.000000000000000000e+00
4.405850000000000364e+02 0.000000000000000000e+00
4.405860000000000127e+02 0.000000000000000000e+00
4.405869999999999891e+02 0.000000000000000000e+00
4.405880000000000223e+02 5.419916287064552307e-02
4.405889999999999986e+02 0.000000000000000000e+00
4.405900000000000318e+02 0.000000000000000000e+00
4.405910000000000082e+02 0.000000000000000000e+00
4.405919999999999845e+02 0.000000000000000000e+00
4.405930000000000177e+02 0.000000000000000000e+00
4.405939999999999941e+02 0.000000000000000000e+00
4.405950000000000273e+02 -2.466924116015434265e-02
4.405960000000000036e+02 0.000000000000000000e+00
4.405970000000000368e+02 5.107015743851661682e-02
4.405980000000000132e+02 0.000000000000000000e+00
4.405989999999999895e+02 0.000000000000000000e+00
4.406000000000000227e+02 0.000000000000000000e+00
4.406009999999999991e+02 -4.918207228183746338e-02
4.406020000000000323e+02 0.000000000000000000e+00
4.406030000000000086e+02 0.000000000000000000e+00
4.406039999999999850e+02 0.000000000000000000e+00
4.406050000000000182e+02 0.000000000000000000e+00
4.406059999999999945e+02 0.000000000000000000e+00
4.406070000000000277e+02 0.000000000000000000e+00
4.406080000000000041e+02 0.000000000000000000e+00
4.406090000000000373e+02 0.000000000000000000e+00
4.406100000000000136e+02 0.000000000000000000e+00
4.406109999999999900e+02 0.000000000000000000e+00
4.406120000000000232e+02 0.000000000000000000e+00
4.406129999999999995e+02 0.000000000000000000e+00
4.406140000000000327e+02 0.000000000000000000e+00
4.406150000000000091e+02 0.000000000000000000e+00
4.406159999999999854e+02 0.000000000000000000e+00
4.406170000000000186e+02 0.000000000000000000e+00
4.406179999999999950e+02 0.000000000000000000e+00
4.406190000000000282e+02 0.000000000000000000e+00
4.406200000000000045e+02 0.000000000000000000e+00
4.406209999999999809e+02 0.000000000000000000e+00
4.406220000000000141e+02 0.000000000000000000e+00
4.406229999999999905e+02 0.000000000000000000e+00
4.406240000000000236e+02 0.000000000000000000e+00
4.406250000000000000e+02 0.000000000000000000e+00
4.406260000000000332e+02 0.000000000000000000e+00
4.406270000000000095e+02 0.000000000000000000e+00
4.406279999999999859e+02 0.000000000000000000e+00
4.406290000000000191e+02 0.000000000000000000e+00
4.406299999999999955e+02 0.000000000000000000e+00
4.406310000000000286e+02 0.000000000000000000e+00
4.406320000000000050e+02 0.000000000000000000e+00
4.406329999999999814e+02 0.000000000000000000e+00
4.406340000000000146e+02 0.000000000000000000e+00
4.406349999999999909e+02 0.000000000000000000e+00
4.406360000000000241e+02 0.000000000000000000e+00
4.406370000000000005e+02 0.000000000000000000e+00
4.406380000000000337e+02 0.000000000000000000e+00
4.406390000000000100e+02 0.000000000000000000e+00
4.406399999999999864e+02 0.000000000000000000e+00
4.406410000000000196e+02 0.000000000000000000e+00
4.406419999999999959e+02 0.000000000000000000e+00
4.406430000000000291e+02 0.000000000000000000e+00
4.406440000000000055e+02 0.000000000000000000e+00
4.406449999999999818e+02 0.000000000000000000e+00
4.406460000000000150e+02 0.000000000000000000e+00
4.406469999999999914e+02 0.000000000000000000e+00
4.406480000000000246e+02 0.000000000000000000e+00
4.406490000000000009e+02 0.000000000000000000e+00
4.406500000000000341e+02 0.000000000000000000e+00
4.406510000000000105e+02 0.000000000000000000e+00
4.406519999999999868e+02 0.000000000000000000e+00
4.406530000000000200e+02 0.000000000000000000e+00
4.406539999999999964e+02 0.000000000000000000e+00
4.406550000000000296e+02 0.000000000000000000e+00
4.406560000000000059e+02 0.000000000000000000e+00
4.406569999999999823e+02 0.000000000000000000e+00
4.406580000000000155e+02 0.000000000000000000e+00
4.406589999999999918e+02 0.000000000000000000e+00
4.406600000000000250e+02 0.000000000000000000e+00
4.406610000000000014e+02 0.000000000000000000e+00
4.406620000000000346e+02 0.000000000000000000e+00
4.406630000000000109e+02 0.000000000000000000e+00
4.406639999999999873e+02 0.000000000000000000e+00
4.406650000000000205e+02 0.000000000000000000e+00
4.406659999999999968e+02 0.000000000000000000e+00
4.406670000000000300e+02 0.000000000000000000e+00
4.406680000000000064e+02 0.000000000000000000e+00
4.406689999999999827e+02 0.000000000000000000e+00
4.406700000000000159e+02 0.000000000000000000e+00
4.406709999999999923e+02 0.000000000000000000e+00
4.406720000000000255e+02 0.000000000000000000e+00
4.406730000000000018e+02 0.000000000000000000e+00
4.406740000000000350e+02 0.000000000000000000e+00
4.406750000000000114e+02 0.000000000000000000e+00
4.406759999999999877e+02 0.000000000000000000e+00
4.406770000000000209e+02 0.000000000000000000e+00
4.406779999999999973e+02 0.000000000000000000e+00
4.406790000000000305e+02 0.000000000000000000e+00
4.406800000000000068e+02 0.000000000000000000e+00
4.406809999999999832e+02 0.000000000000000000e+00
4.406820000000000164e+02 0.000000000000000000e+00
4.406829999999999927e+02 0.000000000000000000e+00
4.406840000000000259e+02 0.000000000000000000e+00
4.406850000000000023e+02 0.000000000000000000e+00
4.406860000000000355e+02 0.000000000000000000e+00
4.406870000000000118e+02 0.000000000000000000e+00
4.406879999999999882e+02 0.000000000000000000e+00
4.406890000000000214e+02 0.000000000000000000e+00
4.406899999999999977e+02 0.000000000000000000e+00
4.406910000000000309e+02 0.000000000000000000e+00
4.406920000000000073e+02 0.000000000000000000e+00
4.406929999999999836e+02 0.000000000000000000e+00
4.406940000000000168e+02 0.000000000000000000e+00
4.406949999999999932e+02 0.000000000000000000e+00
4.406960000000000264e+02 0.000000000000000000e+00
4.406970000000000027e+02 0.000000000000000000e+00
4.406980000000000359e+02 0.000000000000000000e+00
4.406990000000000123e+02 0.000000000000000000e+00
4.406999999999999886e+02 0.000000000000000000e+00
4.407010000000000218e+02 0.000000000000000000e+00
4.407019999999999982e+02 0.000000000000000000e+00
4.407030000000000314e+02 0.000000000000000000e+00
4.407040000000000077e+02 0.000000000000000000e+00
4.407049999999999841e+02 0.000000000000000000e+00
4.407060000000000173e+02 0.000000000000000000e+00
4.407069999999999936e+02 0.000000000000000000e+00
4.407080000000000268e+02 0.000000000000000000e+00
4.407090000000000032e+02 0.000000000000000000e+00
4.407100000000000364e+02 0.000000000000000000e+00
4.407110000000000127e+02 0.000000000000000000e+00
4.407119999999999891e+02 0.000000000000000000e+00
4.407130000000000223e+02 0.000000000000000000e+00
4.407139999999999986e+02 0.000000000000000000e+00
4.407150000000000318e+02 0.000000000000000000e+00
4.407160000000000082e+02 0.000000000000000000e+00
4.407169999999999845e+02 0.000000000000000000e+00
4.407180000000000177e+02 0.000000000000000000e+00
4.407189999999999941e+02 0.000000000000000000e+00
4.407200000000000273e+02 0.000000000000000000e+00
4.407210000000000036e+02 0.000000000000000000e+00
4.407220000000000368e+02 0.000000000000000000e+00
4.407230000000000132e+02 0.000000000000000000e+00
4.407239999999999895e+02 0.000000000000000000e+00
4.407250000000000227e+02 0.000000000000000000e+00
4.407259999999999991e+02 0.000000000000000000e+00
4.407270000000000323e+02 0.000000000000000000e+00
4.407280000000000086e+02 0.000000000000000000e+00
4.407289999999999850e+02 0.000000000000000000e+00
4.407300000000000182e+02 0.000000000000000000e+00
4.407309999999999945e+02 0.000000000000000000e+00
4.407320000000000277e+02 0.000000000000000000e+00
4.407330000000000041e+02 0.000000000000000000e+00
4.407340000000000373e+02 0.000000000000000000e+00
4.407350000000000136e+02 0.000000000000000000e+00
4.407359999999999900e+02 0.000000000000000000e+00
4.407370000000000232e+02 0.000000000000000000e+00
4.407379999999999995e+02 0.000000000000000000e+00
4.407390000000000327e+02 0.000000000000000000e+00
4.407400000000000091e+02 0.000000000000000000e+00
4.407409999999999854e+02 0.000000000000000000e+00
4.407420000000000186e+02 0.000000000000000000e+00
4.407429999999999950e+02 0.000000000000000000e+00
4.407440000000000282e+02 0.000000000000000000e+00
4.407450000000000045e+02 0.000000000000000000e+00
4.407459999999999809e+02 0.000000000000000000e+00
4.407470000000000141e+02 0.000000000000000000e+00
4.407479999999999905e+02 0.000000000000000000e+00
4.407490000000000236e+02 0.000000000000000000e+00
4.407500000000000000e+02 0.000000000000000000e+00
4.407510000000000332e+02 0.000000000000000000e+00
4.407520000000000095e+02 0.000000000000000000e+00
4.407529999999999859e+02 0.000000000000000000e+00
4.407540000000000191e+02 0.000000000000000000e+00
4.407549999999999955e+02 0.000000000000000000e+00
4.407560000000000286e+02 0.000000000000000000e+00
4.407570000000000050e+02 0.000000000000000000e+00
4.407579999999999814e+02 0.000000000000000000e+00
4.407590000000000146e+02 0.000000000000000000e+00
4.407599999999999909e+02 0.000000000000000000e+00
4.407610000000000241e+02 0.000000000000000000e+00
4.407620000000000005e+02 0.000000000000000000e+00
4.407630000000000337e+02 0.000000000000000000e+00
4.407640000000000100e+02 0.000000000000000000e+00
4.407649999999999864e+02 0.000000000000000000e+00
4.407660000000000196e+02 0.000000000000000000e+00
4.407669999999999959e+02 0.000000000000000000e+00
4.407680000000000291e+02 0.000000000000000000e+00
4.407690000000000055e+02 0.000000000000000000e+00
4.407699999999999818e+02 0.000000000000000000e+00
4.407710000000000150e+02 0.000000000000000000e+00
4.407719999999999914e+02 0.000000000000000000e+00
4.407730000000000246e+02 0.000000000000000000e+00
4.407740000000000009e+02 0.000000000000000000e+00
4.407750000000000341e+02 0.000000000000000000e+00
4.407760000000000105e+02 0.000000000000000000e+00
4.407769999999999868e+02 0.000000000000000000e+00
4.407780000000000200e+02 0.000000000000000000e+00
4.407789999999999964e+02 0.000000000000000000e+00
4.407800000000000296e+02 0.000000000000000000e+00
4.407810000000000059e+02 0.000000000000000000e+00
4.407819999999999823e+02 0.000000000000000000e+00
4.407830000000000155e+02 0.000000000000000000e+00
4.407839999999999918e+02 0.000000000000000000e+00
4.407850000000000250e+02 0.000000000000000000e+00
4.407860000000000014e+02 0.000000000000000000e+00
4.407870000000000346e+02 0.000000000000000000e+00
4.407880000000000109e+02 0.000000000000000000e+00
4.407889999999999873e+02 0.000000000000000000e+00
4.407900000000000205e+02 0.000000000000000000e+00
4.407909999999999968e+02 0.000000000000000000e+00
4.407920000000000300e+02 0.000000000000000000e+00
4.407930000000000064e+02 0.000000000000000000e+00
4.407939999999999827e+02 0.000000000000000000e+00
4.407950000000000159e+02 0.000000000000000000e+00
4.407959999999999923e+02 0.000000000000000000e+00
4.407970000000000255e+02 0.000000000000000000e+00
4.407980000000000018e+02 0.000000000000000000e+00
4.407990000000000350e+02 0.000000000000000000e+00
4.408000000000000114e+02 0.000000000000000000e+00
4.408009999999999877e+02 0.000000000000000000e+00
4.408020000000000209e+02 0.000000000000000000e+00
4.408029999999999973e+02 0.000000000000000000e+00
4.408040000000000305e+02 0.000000000000000000e+00
4.408050000000000068e+02 0.000000000000000000e+00
4.408059999999999832e+02 0.000000000000000000e+00
4.408070000000000164e+02 0.000000000000000000e+00
4.408079999999999927e+02 0.000000000000000000e+00
4.408090000000000259e+02 0.000000000000000000e+00
4.408100000000000023e+02 0.000000000000000000e+00
4.408110000000000355e+02 0.000000000000000000e+00
4.408120000000000118e+02 0.000000000000000000e+00
4.408129999999999882e+02 0.000000000000000000e+00
4.408140000000000214e+02 0.000000000000000000e+00
4.408149999999999977e+02 0.000000000000000000e+00
4.408160000000000309e+02 0.000000000000000000e+00
4.408170000000000073e+02 0.000000000000000000e+00
4.408179999999999836e+02 0.000000000000000000e+00
4.408190000000000168e+02 0.000000000000000000e+00
4.408199999999999932e+02 0.000000000000000000e+00
4.408210000000000264e+02 0.000000000000000000e+00
4.408220000000000027e+02 0.000000000000000000e+00
4.408230000000000359e+02 0.000000000000000000e+00
4.408240000000000123e+02 0.000000000000000000e+00
4.408249999999999886e+02 0.000000000000000000e+00
4.408260000000000218e+02 0.000000000000000000e+00
4.408269999999999982e+02 0.000000000000000000e+00
4.408280000000000314e+02 0.000000000000000000e+00
4.408290000000000077e+02 0.000000000000000000e+00
4.408299999999999841e+02 0.000000000000000000e+00
4.408310000000000173e+02 0.000000000000000000e+00
4.408319999999999936e+02 0.000000000000000000e+00
4.408330000000000268e+02 0.000000000000000000e+00
4.408340000000000032e+02 0.000000000000000000e+00
4.408350000000000364e+02 0.000000000000000000e+00
4.408360000000000127e+02 0.000000000000000000e+00
4.408369999999999891e+02 0.000000000000000000e+00
4.408380000000000223e+02 0.000000000000000000e+00
4.408389999999999986e+02 0.000000000000000000e+00
4.408400000000000318e+02 0.000000000000000000e+00
4.408410000000000082e+02 0.000000000000000000e+00
4.408419999999999845e+02 0.000000000000000000e+00
4.408430000000000177e+02 0.000000000000000000e+00
4.408439999999999941e+02 0.000000000000000000e+00
4.408450000000000273e+02 0.000000000000000000e+00
4.408460000000000036e+02 0.000000000000000000e+00
4.408470000000000368e+02 0.000000000000000000e+00
4.408480000000000132e+02 0.000000000000000000e+00
4.408489999999999895e+02 0.000000000000000000e+00
4.408500000000000227e+02 0.000000000000000000e+00
4.408509999999999991e+02 0.000000000000000000e+00
4.408520000000000323e+02 0.000000000000000000e+00
4.408530000000000086e+02 0.000000000000000000e+00
4.408539999999999850e+02 0.000000000000000000e+00
4.408550000000000182e+02 0.000000000000000000e+00
4.408559999999999945e+02 0.000000000000000000e+00
4.408570000000000277e+02 0.000000000000000000e+00
4.408580000000000041e+02 0.000000000000000000e+00
4.408590000000000373e+02 0.000000000000000000e+00
4.408600000000000136e+02 0.000000000000000000e+00
4.408609999999999900e+02 0.000000000000000000e+00
4.408620000000000232e+02 0.000000000000000000e+00
4.408629999999999995e+02 0.000000000000000000e+00
4.408640000000000327e+02 0.000000000000000000e+00
4.408650000000000091e+02 0.000000000000000000e+00
4.408659999999999854e+02 0.000000000000000000e+00
4.408670000000000186e+02 0.000000000000000000e+00
4.408679999999999950e+02 0.000000000000000000e+00
4.408690000000000282e+02 0.000000000000000000e+00
4.408700000000000045e+02 0.000000000000000000e+00
4.408709999999999809e+02 0.000000000000000000e+00
4.408720000000000141e+02 0.000000000000000000e+00
4.408729999999999905e+02 0.000000000000000000e+00
4.408740000000000236e+02 0.000000000000000000e+00
4.408750000000000000e+02 0.000000000000000000e+00
4.408760000000000332e+02 0.000000000000000000e+00
4.408770000000000095e+02 0.000000000000000000e+00
4.408779999999999859e+02 0.000000000000000000e+00
4.408790000000000191e+02 0.000000000000000000e+00
4.408799999999999955e+02 0.000000000000000000e+00
4.408810000000000286e+02 0.000000000000000000e+00
4.408820000000000050e+02 0.000000000000000000e+00
4.408829999999999814e+02 0.000000000000000000e+00
4.408840000000000146e+02 0.000000000000000000e+00
4.408849999999999909e+02 0.000000000000000000e+00
4.408860000000000241e+02 0.000000000000000000e+00
4.408870000000000005e+02 0.000000000000000000e+00
4.408880000000000337e+02 0.000000000000000000e+00
4.408890000000000100e+02 0.000000000000000000e+00
4.408899999999999864e+02 0.000000000000000000e+00
4.408910000000000196e+02 0.000000000000000000e+00
4.408919999999999959e+02 0.000000000000000000e+00
4.408930000000000291e+02 0.000000000000000000e+00
4.408940000000000055e+02 0.000000000000000000e+00
4.408949999999999818e+02 0.000000000000000000e+00
4.408960000000000150e+02 0.000000000000000000e+00
4.408969999999999914e+02 0.000000000000000000e+00
4.408980000000000246e+02 0.000000000000000000e+00
4.408990000000000009e+02 0.000000000000000000e+00
4.409000000000000341e+02 0.000000000000000000e+00
4.409010000000000105e+02 0.000000000000000000e+00
4.409019999999999868e+02 0.000000000000000000e+00
4.409030000000000200e+02 0.000000000000000000e+00
4.409039999999999964e+02 0.000000000000000000e+00
4.409050000000000296e+02 0.000000000000000000e+00
4.409060000000000059e+02 0.000000000000000000e+00
4.409069999999999823e+02 0.000000000000000000e+00
4.409080000000000155e+02 0.000000000000000000e+00
4.409089999999999918e+02 0.000000000000000000e+00
4.409100000000000250e+02 0.000000000000000000e+00
4.409110000000000014e+02 0.000000000000000000e+00
4.409120000000000346e+02 0.000000000000000000e+00
4.409130000000000109e+02 0.000000000000000000e+00
4.409139999999999873e+02 0.000000000000000000e+00
4.409150000000000205e+02 0.000000000000000000e+00
4.409159999999999968e+02 0.000000000000000000e+00
4.409170000000000300e+02 0.000000000000000000e+00
4.409180000000000064e+02 0.000000000000000000e+00
4.409189999999999827e+02 0.000000000000000000e+00
4.409200000000000159e+02 0.000000000000000000e+00
4.409209999999999923e+02 0.000000000000000000e+00
4.409220000000000255e+02 0.000000000000000000e+00
4.409230000000000018e+02 0.000000000000000000e+00
4.409240000000000350e+02 0.000000000000000000e+00
4.409250000000000114e+02 0.000000000000000000e+00
4.409259999999999877e+02 0.000000000000000000e+00
4.409270000000000209e+02 0.000000000000000000e+00
4.409279999999999973e+02 0.000000000000000000e+00
4.409290000000000305e+02 0.000000000000000000e+00
4.409300000000000068e+02 0.000000000000000000e+00
4.409309999999999832e+02 0.000000000000000000e+00
4.409320000000000164e+02 0.000000000000000000e+00
4.409329999999999927e+02 0.000000000000000000e+00
4.409340000000000259e+02 0.000000000000000000e+00
4.409350000000000023e+02 0.000000000000000000e+00
4.409360000000000355e+02 0.000000000000000000e+00
4.409370000000000118e+02 0.000000000000000000e+00
4.409379999999999882e+02 0.000000000000000000e+00
4.409390000000000214e+02 0.000000000000000000e+00
4.409399999999999977e+02 0.000000000000000000e+00
4.409410000000000309e+02 0.000000000000000000e+00
4.409420000000000073e+02 0.000000000000000000e+00
4.409429999999999836e+02 0.000000000000000000e+00
4.409440000000000168e+02 0.000000000000000000e+00
4.409449999999999932e+02 0.000000000000000000e+00
4.409460000000000264e+02 0.000000000000000000e+00
4.409470000000000027e+02 0.000000000000000000e+00
4.409480000000000359e+02 0.000000000000000000e+00
4.409490000000000123e+02 0.000000000000000000e+00
4.409499999999999886e+02 0.000000000000000000e+00
4.409510000000000218e+02 0.000000000000000000e+00
4.409519999999999982e+02 0.000000000000000000e+00
4.409530000000000314e+02 0.000000000000000000e+00
4.409540000000000077e+02 0.000000000000000000e+00
4.409549999999999841e+02 0.000000000000000000e+00
4.409560000000000173e+02 0.000000000000000000e+00
4.409569999999999936e+02 0.000000000000000000e+00
4.409580000000000268e+02 0.000000000000000000e+00
4.409590000000000032e+02 0.000000000000000000e+00
4.409600000000000364e+02 0.000000000000000000e+00
4.409610000000000127e+02 0.000000000000000000e+00
4.409619999999999891e+02 0.000000000000000000e+00
4.409630000000000223e+02 0.000000000000000000e+00
4.409639999999999986e+02 0.000000000000000000e+00
4.409650000000000318e+02 0.000000000000000000e+00
4.409660000000000082e+02 0.000000000000000000e+00
4.409669999999999845e+02 0.000000000000000000e+00
4.409680000000000177e+02 0.000000000000000000e+00
4.409689999999999941e+02 0.000000000000000000e+00
4.409700000000000273e+02 0.000000000000000000e+00
4.409710000000000036e+02 0.000000000000000000e+00
4.409720000000000368e+02 0.000000000000000000e+00
4.409730000000000132e+02 0.000000000000000000e+00
4.409739999999999895e+02 0.000000000000000000e+00
4.409750000000000227e+02 0.000000000000000000e+00
4.409759999999999991e+02 0.000000000000000000e+00
4.409770000000000323e+02 0.000000000000000000e+00
4.409780000000000086e+02 0.000000000000000000e+00
4.409789999999999850e+02 0.000000000000000000e+00
4.409800000000000182e+02 0.000000000000000000e+00
4.409809999999999945e+02 0.000000000000000000e+00
4.409820000000000277e+02 0.000000000000000000e+00
4.409830000000000041e+02 0.000000000000000000e+00
4.409840000000000373e+02 0.000000000000000000e+00
4.409850000000000136e+02 0.000000000000000000e+00
4.409859999999999900e+02 0.000000000000000000e+00
4.409870000000000232e+02 0.000000000000000000e+00
4.409879999999999995e+02 0.000000000000000000e+00
4.409890000000000327e+02 0.000000000000000000e+00
4.409900000000000091e+02 0.000000000000000000e+00
4.409909999999999854e+02 0.000000000000000000e+00
4.409920000000000186e+02 0.000000000000000000e+00
4.409929999999999950e+02 0.000000000000000000e+00
4.409940000000000282e+02 0.000000000000000000e+00
4.409950000000000045e+02 0.000000000000000000e+00
4.409959999999999809e+02 0.000000000000000000e+00
4.409970000000000141e+02 0.000000000000000000e+00
4.409979999999999905e+02 0.000000000000000000e+00
4.409990000000000236e+02 0.000000000000000000e+00
